VARIABLES = "X" "Y" "Z" "Cp" "HTC" "Beta" "Ts" "FF" "RhoIce"

ZONE T="SLICE_Y_0p10_BINS07_KS_0p5mm_CUTDATA"
1.02809322 0.0999999995 0 0.148981139 145.647568 0 274.844 0 680
1.02767026 0.0999999995 -5.43631542e-05 0.147440672 156.354553 0 274.844 0 680
1.0263099 0.0999999995 -0.000229151139 0.14162451 155.956024 0 274.844 0 680
1.02370858 0.0999999995 -0.000562627283 0.134077519 158.931244 0 274.844 0 680
1.0192535 0.0999999995 -0.00112907626 0.123561718 164.390839 0 274.844 0 680
1.01182626 0.0999999995 -0.00206025487 0.108996689 169.677673 0 274.844 0 680
0.999456897 0.0999999995 -0.00358666644 0.0883674473 176.082733 0 274.844 0 680
0.978783111 0.0999999995 -0.00612650272 0.0573359691 185.71347 0 274.844 0 680
0.944391918 0.0999999995 -0.0103546433 0.014347408 196.736023 0 274.844 0 680
0.88857827 0.0999999995 -0.0168041758 -0.0298187416 209.28717 0 274.844 0 680
0.803041106 0.0999999995 -0.025468376 -0.0774117783 224.652237 0 274.844 0 680
0.68455501 0.0999999995 -0.0357298415 -0.131456658 247.293732 0 274.844 0 680
0.542912961 0.0999999995 -0.0445967939 -0.1598479 270.345428 0 274.844 0 680
0.401270912 0.0999999995 -0.0471539124 -0.147378951 291.461639 0 274.844 0 680
0.282784816 0.0999999995 -0.0441256669 -0.117126986 314.723083 0 274.844 0 680
0.197247652 0.0999999995 -0.0389818666 -0.0857341588 337.692719 0 274.815 0 680
0.141434004 0.0999999995 -0.0335309596 -0.0610213205 358.783661 0.00156450807 273.15 0.850753844 680
0.107042811 0.0999999995 -0.0288164955 -0.0683206171 376.340881 0.0132996626 273.15 0.344482064 680
0.0863690249 0.0999999995 -0.0249152486 -0.0735640079 393.195251 0.0811628625 273.15 0.189327553 680
0.0739996653 0.0999999995 -0.0205157782 0.0487533137 416.089203 0.227833018 273.15 0.137852356 680
0.0665724259 0.0999999995 -0.0157819618 0.292603463 449.984497 0.380155385 273.15 0.128365725 680
0.0621173384 0.0999999995 -0.0112988276 0.531814337 474.302094 0.487599313 273.15 0.138689339 680
0.0595160257 0.0999999995 -0.00723963567 0.70124197 428.680298 0.556844592 273.15 0.163047746 680
0.0581556607 0.0999999995 -0.0035453241 0.773107231 375.723206 0.595151186 273.15 0.204296514 680
0.0577326996 0.0999999995 0 0.730345905 426.379456 0.599024594 273.15 0.175343156 680
0.0581556607 0.0999999995 0.0035453241 0.587851942 512.53949 0.56780833 273.15 0.134057939 680
0.0595160257 0.0999999995 0.00723963567 0.348063886 500.59964 0.5019238 273.15 0.111997321 680
0.0621173384 0.0999999995 0.0112988276 0.0421869569 454.678772 0.40323925 273.15 0.102520034 680
0.0665724259 0.0999999995 0.0157819618 -0.280303657 447.03064 0.268990815 273.15 0.113103762 680
0.0739996653 0.0999999995 0.0205157782 -0.519333005 434.620575 0.100786619 273.15 0.148584902 680
0.0863690249 0.0999999995 0.0249152486 -0.555901885 418.72757 0.00468154438 273.15 0.250537306 680
0.107042811 0.0999999995 0.0288164955 -0.428995818 405.041931 0 273.15 0.544543087 680
0.141434004 0.0999999995 0.0335309596 -0.329636574 384.81076 0 273.15 0.804402173 680
0.197247652 0.0999999995 0.0389818666 -0.29563573 357.567413 0 274.844 0 680
0.282784816 0.0999999995 0.0441256669 -0.282244891 328.912628 0 274.844 0 680
0.401270912 0.0999999995 0.0471539124 -0.275930226 300.591095 0 274.844 0 680
0.542912961 0.0999999995 0.0445967939 -0.25385052 274.213104 0 274.844 0 680
0.68455501 0.0999999995 0.0357298415 -0.194326699 246.979401 0 274.844 0 680
0.803041106 0.0999999995 0.025468376 -0.117242195 221.458221 0 274.844 0 680
0.88857827 0.0999999995 0.0168041758 -0.0526723005 203.106995 0 274.844 0 680
0.944391918 0.0999999995 0.0103546433 0.00433469424 187.852798 0 274.844 0 680
0.978783111 0.0999999995 0.00612650272 0.0547703207 175.326965 0 274.844 0 680
0.999456897 0.0999999995 0.00358666644 0.0886503458 165.346619 0 274.844 0 680
1.01182626 0.0999999995 0.00206025487 0.110720746 158.37532 0 274.844 0 680
1.0192535 0.0999999995 0.00112907626 0.125534534 152.327271 0 274.844 0 680
1.02370858 0.0999999995 0.000562627283 0.135840476 145.771072 0 274.844 0 680
1.02370858 0.0999999995 0.000562627283 0.135840476 145.771072 0 274.844 0 680
1.0263099 0.0999999995 0.000229151139 0.142814651 141.656464 0 274.844 0 680
1.02767026 0.0999999995 5.43631542e-05 0.14804022 142.113556 0 274.844 0 680

ZONE T="SLICE_Y_0p75_BINS07_KS_0p5mm_CUTDATA"
1.21069917 0.750000002 0 0.151870519 148.0728 0 274.844 0 680
1.21036018 0.750000002 -4.35698249e-05 0.151390657 162.974838 0 274.844 0 680
1.20926991 0.750000002 -0.000183655182 0.145598382 159.631912 0 274.844 0 680
1.20718506 0.750000002 -0.000450922551 0.138982326 161.593903 0 274.844 0 680
1.20361449 0.750000002 -0.000904908033 0.129650638 168.2966 0 274.844 0 680
1.19766187 0.750000002 -0.00165120927 0.116801582 173.776382 0 274.844 0 680
1.18774834 0.750000002 -0.00287456515 0.0980790928 178.456009 0 274.844 0 680
1.17117915 0.750000002 -0.00491013913 0.0704443827 187.015503 0 274.844 0 680
1.14361603 0.750000002 -0.00829881936 0.0309075285 197.623901 0 274.844 0 680
1.09888369 0.750000002 -0.0134678535 -0.0124651343 211.478928 0 274.844 0 680
1.03032918 0.750000002 -0.0204118525 -0.0623523965 229.46962 0 274.844 0 680
0.935367467 0.750000002 -0.0286359936 -0.123198837 253.363007 0 274.844 0 680
0.821847209 0.750000002 -0.0357424901 -0.163354039 281.436798 0 274.844 0 680
0.708326952 0.750000002 -0.0377919151 -0.163231477 310.020844 0 274.844 0 680
0.613365235 0.750000002 -0.0353649012 -0.1419072 337.614532 0 274.844 0 680
0.544810728 0.750000002 -0.0312423575 -0.115260266 362.023224 0.000388550252 273.565 0.185568079 680
0.500078391 0.750000002 -0.0268736805 -0.0906520635 381.9729 0.00681148283 273.15 0.814962924 680
0.472515269 0.750000002 -0.0230952321 -0.0923950449 396.756287 0.0295389891 273.15 0.337064087 680
0.455946083 0.750000002 -0.0199685437 -0.0868929625 411.190735 0.110346489 273.15 0.192200184 680
0.446032552 0.750000002 -0.0164425497 0.0411563031 436.599152 0.261499614 273.15 0.145132035 680
0.440079926 0.750000002 -0.0126485912 0.286080062 474.549316 0.412694186 273.15 0.139381021 680
0.436509357 0.750000002 -0.00905554411 0.524742365 537.884583 0.519165874 273.15 0.164304957 680
0.434424512 0.750000002 -0.00580226926 0.686520457 566.768616 0.587017238 273.15 0.225990772 680
0.433334236 0.750000002 -0.00284143097 0.742553711 546.616089 0.622973263 273.15 0.25552246 680
0.43299525 0.750000002 0 0.663359821 570.756592 0.623960137 273.15 0.181221411 680
0.433334236 0.750000002 0.00284143097 0.473229736 555.639465 0.588904798 273.15 0.128279954 680
0.434424512 0.750000002 0.00580226926 0.192950338 503.67514 0.518470466 273.15 0.104010008 680
0.436509357 0.750000002 0.00905554411 -0.148817703 488.876373 0.415638715 273.15 0.102401048 680
0.440079926 0.750000002 0.0126485912 -0.496236116 480.432739 0.277054876 273.15 0.115480945 680
0.446032552 0.750000002 0.0164425497 -0.722626388 460.459991 0.1042068 273.15 0.152280435 680
0.455946083 0.750000002 0.0199685437 -0.725325704 440.295441 0.00493861921 273.15 0.257899702 680
0.472515269 0.750000002 0.0230952321 -0.558148026 430.74115 0 273.15 0.575331867 680
0.500078391 0.750000002 0.0268736805 -0.423679054 414.058624 0 273.15 0.79187268 680
0.544810728 0.750000002 0.0312423575 -0.363156676 385.883667 0 274.844 0 680
0.613365235 0.750000002 0.0353649012 -0.325975716 352.398773 0 274.844 0 680
0.708326952 0.750000002 0.0377919151 -0.295852453 316.865143 0 274.844 0 680
0.821847209 0.750000002 0.0357424901 -0.250537008 281.680817 0 274.844 0 680
0.935367467 0.750000002 0.0286359936 -0.174363002 249.093307 0 274.844 0 680
1.03032918 0.750000002 0.0204118525 -0.090847522 222.063858 0 274.844 0 680
1.09888369 0.750000002 0.0134678535 -0.0257707071 200.684586 0 274.844 0 680
1.14361603 0.750000002 0.00829881936 0.0286773723 184.14328 0 274.844 0 680
1.17117915 0.750000002 0.00491013913 0.0731932595 172.584625 0 274.844 0 680
1.18774834 0.750000002 0.00287456515 0.101755038 163.909119 0 274.844 0 680
1.19766187 0.750000002 0.00165120927 0.120504461 158.489456 0 274.844 0 680
1.20361449 0.750000002 0.000904908033 0.13268517 152.401657 0 274.844 0 680
1.20718506 0.750000002 0.000450922551 0.141371429 145.382828 0 274.844 0 680
1.20718506 0.750000002 0.000450922551 0.141371429 145.382828 0 274.844 0 680
1.20926991 0.750000002 0.000183655182 0.147057846 142.582886 0 274.844 0 680
1.21036018 0.750000002 4.35698249e-05 0.151738867 146.568527 0 274.844 0 680

ZONE T="SLICE_Y_1p40_BINS07_KS_0p5mm_CUTDATA"
1.39330511 1.39999998 0 0.145043775 159.314087 0 274.844 0 680
1.3930501 1.39999998 -3.2776496e-05 0.145258725 168.006973 0 274.844 0 680
1.39222991 1.39999998 -0.000138159228 0.140502244 168.393341 0 274.844 0 680
1.39066153 1.39999998 -0.000339217825 0.134586751 173.957153 0 274.844 0 680
1.38797548 1.39999998 -0.000680739816 0.125107944 181.466492 0 274.844 0 680
1.38349747 1.39999998 -0.00124216368 0.112680845 187.682678 0 274.844 0 680
1.37603977 1.39999998 -0.0021624639 0.094554536 192.360992 0 274.844 0 680
1.36357518 1.39999998 -0.0036937756 0.0684981719 201.213409 0 274.844 0 680
1.34284013 1.39999998 -0.00624299548 0.0320264809 212.789154 0 274.844 0 680
1.3091891 1.39999998 -0.0101315313 -0.00717111118 225.866531 0 274.844 0 680
1.25761725 1.39999998 -0.0153553291 -0.0499962009 242.170181 0 274.844 0 680
1.18617991 1.39999998 -0.0215421461 -0.104325868 263.755463 0 274.844 0 680
1.10078145 1.39999998 -0.0268881867 -0.148684204 294.224548 0 274.844 0 680
1.01538298 1.39999998 -0.0284299181 -0.163338974 327.688538 0 274.844 0 680
0.94394564 1.39999998 -0.026604136 -0.160190314 357.804443 2.15508881e-05 274.834 0 680
0.892373788 1.39999998 -0.0235028488 -0.150587574 389.399323 0.00311796484 273.15 0.690950215 680
0.858722764 1.39999998 -0.0202164017 -0.135750219 424.248291 0.0194818843 273.15 0.717256784 680
0.837987712 1.39999998 -0.0173739689 -0.141180128 457.199768 0.0540941991 273.15 0.334104717 680
0.825523125 1.39999998 -0.015021839 -0.13785933 487.604675 0.143571258 273.15 0.200982302 680
0.818065422 1.39999998 -0.0123693213 -0.00850102678 509.830627 0.298535138 273.15 0.151595026 680
0.81358741 1.39999998 -0.00951522067 0.237865224 520.18335 0.45024541 273.15 0.137532264 680
0.81090136 1.39999998 -0.0068122607 0.480066001 563.074036 0.557948768 273.15 0.152754948 680
0.809332983 1.39999998 -0.00436490291 0.649636388 632.06897 0.627716243 273.15 0.210532606 680
0.808512795 1.39999998 -0.00213753788 0.715491533 662.809204 0.664972365 273.15 0.258599848 680
0.808512795 1.39999998 -0.00213753788 0.715491533 662.809204 0.664972365 273.15 0.258599848 680
0.808257784 1.39999998 0 0.645873904 656.345947 0.667893231 273.15 0.191884354 680
0.808512795 1.39999998 0.00213753788 0.467402369 595.669067 0.635121346 273.15 0.129712045 680
0.809332983 1.39999998 0.00436490291 0.19762741 536.357239 0.565683961 273.15 0.104519553 680
0.81090136 1.39999998 0.0068122607 -0.135863155 529.066467 0.466143906 273.15 0.104403444 680
0.81358741 1.39999998 0.00951522067 -0.470422685 532.293579 0.330877334 273.15 0.116249889 680
0.818065422 1.39999998 0.0123693213 -0.689210713 532.63092 0.149530292 273.15 0.152382806 680
0.825523125 1.39999998 0.015021839 -0.697421014 519.901733 0.0190111771 273.15 0.258137286 680
0.837987712 1.39999998 0.0173739689 -0.535218477 492.960083 0 273.15 0.584215641 680
0.858722764 1.39999998 0.0202164017 -0.398887604 453.063965 0 273.15 0.789244413 680
0.892373788 1.39999998 0.0235028488 -0.326390147 405.702148 0 274.844 0 680
0.94394564 1.39999998 0.026604136 -0.27090928 361.497803 0 274.844 0 680
1.01538298 1.39999998 0.0284299181 -0.226237789 319.84903 0 274.844 0 680
1.10078145 1.39999998 0.0268881867 -0.178439945 277.063721 0 274.844 0 680
1.18617991 1.39999998 0.0215421461 -0.112584591 240.303253 0 274.844 0 680
1.25761725 1.39999998 0.0153553291 -0.0455862246 215.216614 0 274.844 0 680
1.3091891 1.39999998 0.0101315313 0.00357000367 198.064423 0 274.844 0 680
1.34284013 1.39999998 0.00624299548 0.0446101055 186.292633 0 274.844 0 680
1.36357518 1.39999998 0.0036937756 0.0787139013 176.949371 0 274.844 0 680
1.37603977 1.39999998 0.0021624639 0.101752035 169.523941 0 274.844 0 680
1.38349747 1.39999998 0.00124216368 0.11753054 164.905533 0 274.844 0 680
1.38797548 1.39999998 0.000680739816 0.128182426 159.544708 0 274.844 0 680
1.39066153 1.39999998 0.000339217825 0.13637355 152.956512 0 274.844 0 680
1.39222991 1.39999998 0.000138159228 0.14137347 147.213837 0 274.844 0 680
1.3930501 1.39999998 3.2776496e-05 0.145148948 150.048676 0 274.844 0 680

ZONE T="SLICE_Y_0p10_BINS01_KS_1p0mm_CUTDATA"
1.02809322 0.0999999995 0 0.130759835 178.253677 0 274.844 0 680
1.02767026 0.0999999995 -5.43631542e-05 0.129464284 186.908859 0 274.844 0 680
1.0263099 0.0999999995 -0.000229151139 0.124665588 183.272797 0 274.844 0 680
1.02370858 0.0999999995 -0.000562627283 0.118527949 185.643219 0 274.844 0 680
1.0192535 0.0999999995 -0.00112907626 0.109672166 191.651871 0 274.844 0 680
1.01182626 0.0999999995 -0.00206025487 0.0970604271 197.320023 0 274.844 0 680
0.999456897 0.0999999995 -0.00358666644 0.0786258429 203.953232 0 274.844 0 680
0.978783111 0.0999999995 -0.00612650272 0.0504854023 213.842865 0 274.844 0 680
0.944391918 0.0999999995 -0.0103546433 0.0102703264 227.140167 0 274.844 0 680
0.88857827 0.0999999995 -0.0168041758 -0.0322689451 243.088776 0 274.844 0 680
0.803041106 0.0999999995 -0.025468376 -0.0787498131 262.141418 0 274.844 0 680
0.68455501 0.0999999995 -0.0357298415 -0.131683111 289.050659 0 274.844 0 680
0.542912961 0.0999999995 -0.0445967939 -0.159634143 315.629578 0 274.844 0 680
0.401270912 0.0999999995 -0.0471539124 -0.147096679 338.891907 0 274.844 0 680
0.282784816 0.0999999995 -0.0441256669 -0.116579488 363.366669 0 274.844 0 680
0.197247652 0.0999999995 -0.0389818666 -0.0850007534 386.144653 0 274.844 0 680
0.141434004 0.0999999995 -0.0335309596 -0.0599391535 405.624603 0 273.15 0.837116063 680
0.107042811 0.0999999995 -0.0288164955 -0.0663741529 419.971039 0.00190420798 273.15 0.416767001 680
0.0863690249 0.0999999995 -0.0249152486 -0.070652768 431.734467 0.0827993602 273.15 0.210251287 680
0.0739996653 0.0999999995 -0.0205157782 0.0516504012 452.342468 0.240823761 273.15 0.149635509 680
0.0665724259 0.0999999995 -0.0157819618 0.294440359 489.339264 0.390557677 273.15 0.139808774 680
0.0621173384 0.0999999995 -0.0112988276 0.532536685 537.875 0.497157961 273.15 0.155379936 680
0.0595160257 0.0999999995 -0.00723963567 0.701398313 521.263672 0.567205548 273.15 0.189715281 680
0.0581556607 0.0999999995 -0.0035453241 0.773164213 470.30545 0.605252087 273.15 0.23677963 680
0.0577326996 0.0999999995 0 0.730627537 530.236389 0.608406305 273.15 0.204982311 680
0.0581556607 0.0999999995 0.0035453241 0.588767946 598.853699 0.579414725 273.15 0.153255492 680
0.0595160257 0.0999999995 0.00723963567 0.350227982 552.459778 0.51314497 273.15 0.123107031 680
0.0621173384 0.0999999995 0.0112988276 0.0460810587 489.081726 0.411501646 273.15 0.110940307 680
0.0665724259 0.0999999995 0.0157819618 -0.274226338 472.670288 0.287006795 273.15 0.119805224 680
0.0739996653 0.0999999995 0.0205157782 -0.511909008 463.456635 0.112014264 273.15 0.157728299 680
0.0863690249 0.0999999995 0.0249152486 -0.549880803 453.838043 0 273.15 0.27630344 680
0.107042811 0.0999999995 0.0288164955 -0.425488681 447.571899 0 273.15 0.642205119 680
0.141434004 0.0999999995 0.0335309596 -0.327564567 432.705994 0 273.15 0.744799197 680
0.197247652 0.0999999995 0.0389818666 -0.294066966 407.44455 0 274.844 0 680
0.282784816 0.0999999995 0.0441256669 -0.280864149 378.902588 0 274.844 0 680
0.401270912 0.0999999995 0.0471539124 -0.274701178 349.455414 0 274.844 0 680
0.542912961 0.0999999995 0.0445967939 -0.25264582 320.098816 0 274.844 0 680
0.68455501 0.0999999995 0.0357298415 -0.193522051 288.100037 0 274.844 0 680
0.803041106 0.0999999995 0.025468376 -0.117544144 257.643066 0 274.844 0 680
0.88857827 0.0999999995 0.0168041758 -0.0541890822 235.048309 0 274.844 0 680
0.944391918 0.0999999995 0.0103546433 0.000882868888 216.083023 0 274.844 0 680
0.978783111 0.0999999995 0.00612650272 0.0478787348 201.562088 0 274.844 0 680
0.999456897 0.0999999995 0.00358666644 0.0785154924 191.346191 0 274.844 0 680
1.01182626 0.0999999995 0.00206025487 0.0981991142 184.011963 0 274.844 0 680
1.0192535 0.0999999995 0.00112907626 0.111012705 177.697876 0 274.844 0 680
1.02370858 0.0999999995 0.000562627283 0.119726293 171.230331 0 274.844 0 680
1.02370858 0.0999999995 0.000562627283 0.119726293 171.230331 0 274.844 0 680
1.0263099 0.0999999995 0.000229151139 0.125415251 167.835846 0 274.844 0 680
1.02767026 0.0999999995 5.43631542e-05 0.129682988 170.323639 0 274.844 0 680

ZONE T="SLICE_Y_0p75_BINS01_KS_1p0mm_CUTDATA"
1.21069917 0.750000002 0 0.133835226 179.437012 0 274.844 0 680
1.21036018 0.750000002 -4.35698249e-05 0.1334977 195.357468 0 274.844 0 680
1.20926991 0.750000002 -0.000183655182 0.128659219 188.275909 0 274.844 0 680
1.20718506 0.750000002 -0.000450922551 0.123323828 189.149307 0 274.844 0 680
1.20361449 0.750000002 -0.000904908033 0.115493514 195.999405 0 274.844 0 680
1.19766187 0.750000002 -0.00165120927 0.104416817 201.859238 0 274.844 0 680
1.18774834 0.750000002 -0.00287456515 0.0878137499 207.555588 0 274.844 0 680
1.17117915 0.750000002 -0.00491013913 0.0629103035 216.106323 0 274.844 0 680
1.14361603 0.750000002 -0.00829881936 0.026196111 229.432983 0 274.844 0 680
1.09888369 0.750000002 -0.0134678535 -0.0153208626 245.929413 0 274.844 0 680
1.03032918 0.750000002 -0.0204118525 -0.063961938 266.972687 0 274.844 0 680
0.935367467 0.750000002 -0.0286359936 -0.123869263 296.004913 0 274.844 0 680
0.821847209 0.750000002 -0.0357424901 -0.163548619 329.233826 0 274.844 0 680
0.708326952 0.750000002 -0.0377919151 -0.163175687 361.345428 0 274.844 0 680
0.613365235 0.750000002 -0.0353649012 -0.141623154 390.369965 0 274.844 0 680
0.544810728 0.750000002 -0.0312423575 -0.11476779 413.083832 0 274.844 0 680
0.500078391 0.750000002 -0.0268736805 -0.0898360536 427.094879 0 273.15 0.842576504 680
0.472515269 0.750000002 -0.0230952321 -0.091141209 436.375885 0.0241295435 273.15 0.389447212 680
0.455946083 0.750000002 -0.0199685437 -0.0848560184 449.398773 0.116724208 273.15 0.211588234 680
0.446032552 0.750000002 -0.0164425497 0.0435209908 473.909393 0.271248102 273.15 0.157757103 680
0.440079926 0.750000002 -0.0126485912 0.287369996 516.103821 0.422887951 273.15 0.151553303 680
0.436509357 0.750000002 -0.00905554411 0.524938226 596.625488 0.529443026 273.15 0.181204557 680
0.434424512 0.750000002 -0.00580226926 0.68607229 667.864502 0.596840382 273.15 0.25753811 680
0.433334236 0.750000002 -0.00284143097 0.742475271 678.957153 0.633327723 273.15 0.298831135 680
0.43299525 0.750000002 0 0.663685262 680.247314 0.633328736 273.15 0.210348099 680
0.433334236 0.750000002 0.00284143097 0.475021422 625.618652 0.600734353 273.15 0.144164592 680
0.434424512 0.750000002 0.00580226926 0.196836084 546.065857 0.530322611 273.15 0.113241173 680
0.436509357 0.750000002 0.00905554411 -0.143324539 514.633423 0.424504817 273.15 0.109114744 680
0.440079926 0.750000002 0.0126485912 -0.487457991 503.34314 0.29566738 273.15 0.121394426 680
0.446032552 0.750000002 0.0164425497 -0.713060677 490.985321 0.115820333 273.15 0.161535203 680
0.455946083 0.750000002 0.0199685437 -0.718135774 478.129761 0 273.15 0.285082698 680
0.472515269 0.750000002 0.0230952321 -0.553683817 472.174225 0 273.15 0.675165415 680
0.500078391 0.750000002 0.0268736805 -0.421060294 461.83783 0 273.15 0.71395576 680
0.544810728 0.750000002 0.0312423575 -0.36131528 439.534607 0 274.844 0 680
0.613365235 0.750000002 0.0353649012 -0.324479371 407.294189 0 274.844 0 680
0.708326952 0.750000002 0.0377919151 -0.294570357 369.672119 0 274.844 0 680
0.821847209 0.750000002 0.0357424901 -0.249420166 329.407227 0 274.844 0 680
0.935367467 0.750000002 0.0286359936 -0.173671842 289.962494 0 274.844 0 680
1.03032918 0.750000002 0.0204118525 -0.0911988318 256.835083 0 274.844 0 680
1.09888369 0.750000002 0.0134678535 -0.0275375452 231.620117 0 274.844 0 680
1.14361603 0.750000002 0.00829881936 0.0244812611 212.313736 0 274.844 0 680
1.17117915 0.750000002 0.00491013913 0.0652123094 198.783234 0 274.844 0 680
1.18774834 0.750000002 0.00287456515 0.0908503681 190.319122 0 274.844 0 680
1.19766187 0.750000002 0.00165120927 0.107331887 183.951294 0 274.844 0 680
1.20361449 0.750000002 0.000904908033 0.117781766 177.747253 0 274.844 0 680
1.20718506 0.750000002 0.000450922551 0.125024289 170.745789 0 274.844 0 680
1.20718506 0.750000002 0.000450922551 0.125024289 170.745789 0 274.844 0 680
1.20926991 0.750000002 0.000183655182 0.129592568 168.709839 0 274.844 0 680
1.21036018 0.750000002 4.35698249e-05 0.133443728 174.377518 0 274.844 0 680

ZONE T="SLICE_Y_1p40_BINS01_KS_1p0mm_CUTDATA"
1.39330511 1.39999998 0 0.128415003 194.900864 0 274.844 0 680
1.3930501 1.39999998 -3.2776496e-05 0.128351182 200.834488 0 274.844 0 680
1.39222991 1.39999998 -0.000138159228 0.124311574 198.028336 0 274.844 0 680
1.39066153 1.39999998 -0.000339217825 0.119566947 203.713547 0 274.844 0 680
1.38797548 1.39999998 -0.000680739816 0.11164394 211.582031 0 274.844 0 680
1.38349747 1.39999998 -0.00124216368 0.100987233 217.81221 0 274.844 0 680
1.37603977 1.39999998 -0.0021624639 0.0850255936 224.153259 0 274.844 0 680
1.36357518 1.39999998 -0.0036937756 0.0617194436 233.558929 0 274.844 0 680
1.34284013 1.39999998 -0.00624299548 0.0280878898 248.185333 0 274.844 0 680
1.3091891 1.39999998 -0.0101315313 -0.00934144016 266.166199 0 274.844 0 680
1.25761725 1.39999998 -0.0153553291 -0.0511781238 284.558197 0 274.844 0 680
1.18617991 1.39999998 -0.0215421461 -0.104791239 308.464661 0 274.844 0 680
1.10078145 1.39999998 -0.0268881867 -0.148728117 342.834045 0 274.844 0 680
1.01538298 1.39999998 -0.0284299181 -0.16329658 378.746887 0 274.844 0 680
0.94394564 1.39999998 -0.026604136 -0.160224512 409.209351 0 274.844 0 680
0.892373788 1.39999998 -0.0235028488 -0.150571018 440.48053 0 274.844 0 680
0.858722764 1.39999998 -0.0202164017 -0.135427177 473.318054 0.0125172883 273.15 0.850754678 680
0.837987712 1.39999998 -0.0173739689 -0.140179276 502.715454 0.0546164475 273.15 0.376473874 680
0.825523125 1.39999998 -0.015021839 -0.135654718 531.694763 0.151987448 273.15 0.219090998 680
0.818065422 1.39999998 -0.0123693213 -0.00607234845 551.552185 0.30976373 273.15 0.163357586 680
0.81358741 1.39999998 -0.00951522067 0.23878108 563.644592 0.459370822 273.15 0.148710489 680
0.81090136 1.39999998 -0.0068122607 0.479975194 621.785278 0.567240894 273.15 0.166812733 680
0.809332983 1.39999998 -0.00436490291 0.648910046 715.415771 0.637738824 273.15 0.232003421 680
0.808512795 1.39999998 -0.00213753788 0.715080023 762.895569 0.674232543 273.15 0.287318379 680
0.808512795 1.39999998 -0.00213753788 0.715080023 762.895569 0.674232543 273.15 0.287318379 680
0.808257784 1.39999998 0 0.646083117 742.597168 0.677624822 273.15 0.21318765 680
0.808512795 1.39999998 0.00213753788 0.469066501 657.063477 0.646231472 273.15 0.142221212 680
0.809332983 1.39999998 0.00436490291 0.201344505 575.84375 0.574643373 273.15 0.112347908 680
0.81090136 1.39999998 0.0068122607 -0.12995407 549.801392 0.478133619 273.15 0.109196246 680
0.81358741 1.39999998 0.00951522067 -0.462421387 554.347534 0.347728401 273.15 0.120416962 680
0.818065422 1.39999998 0.0123693213 -0.6799739 569.35968 0.153371677 273.15 0.162626028 680
0.825523125 1.39999998 0.015021839 -0.689947784 564.438171 0.0111678829 273.15 0.288239688 680
0.837987712 1.39999998 0.0173739689 -0.531015098 541.014343 0 273.15 0.699164629 680
0.858722764 1.39999998 0.0202164017 -0.396873653 506.565063 0 273.15 0.685147822 680
0.892373788 1.39999998 0.0235028488 -0.32524702 462.105377 0 274.844 0 680
0.94394564 1.39999998 0.026604136 -0.270008296 417.336456 0 274.844 0 680
1.01538298 1.39999998 0.0284299181 -0.225484699 373.117554 0 274.844 0 680
1.10078145 1.39999998 0.0268881867 -0.17783837 324.705353 0 274.844 0 680
1.18617991 1.39999998 0.0215421461 -0.112462729 281.218384 0 274.844 0 680
1.25761725 1.39999998 0.0153553291 -0.046497751 251.83078 0 274.844 0 680
1.3091891 1.39999998 0.0101315313 0.00127191341 231.661209 0 274.844 0 680
1.34284013 1.39999998 0.00624299548 0.0401014239 216.004639 0 274.844 0 680
1.36357518 1.39999998 0.0036937756 0.0711047798 204.666168 0 274.844 0 680
1.37603977 1.39999998 0.0021624639 0.0915191695 197.207245 0 274.844 0 680
1.38349747 1.39999998 0.00124216368 0.105256185 191.798233 0 274.844 0 680
1.38797548 1.39999998 0.000680739816 0.11429245 186.542343 0 274.844 0 680
1.39066153 1.39999998 0.000339217825 0.121077135 179.810883 0 274.844 0 680
1.39222991 1.39999998 0.000138159228 0.125059694 173.944763 0 274.844 0 680
1.3930501 1.39999998 3.2776496e-05 0.128253758 178.033752 0 274.844 0 680

ZONE T="SLICE_Y_0p10_BINS03_KS_1p0mm_CUTDATA"
1.02809322 0.0999999995 0 0.130759835 178.253677 0 274.844 0 680
1.02767026 0.0999999995 -5.43631542e-05 0.129464284 186.908859 0 274.844 0 680
1.0263099 0.0999999995 -0.000229151139 0.124665588 183.272797 0 274.844 0 680
1.02370858 0.0999999995 -0.000562627283 0.118527949 185.643219 0 274.844 0 680
1.0192535 0.0999999995 -0.00112907626 0.109672166 191.651871 0 274.844 0 680
1.01182626 0.0999999995 -0.00206025487 0.0970604271 197.320023 0 274.844 0 680
0.999456897 0.0999999995 -0.00358666644 0.0786258429 203.953232 0 274.844 0 680
0.978783111 0.0999999995 -0.00612650272 0.0504854023 213.842865 0 274.844 0 680
0.944391918 0.0999999995 -0.0103546433 0.0102703264 227.140167 0 274.844 0 680
0.88857827 0.0999999995 -0.0168041758 -0.0322689451 243.088776 0 274.844 0 680
0.803041106 0.0999999995 -0.025468376 -0.0787498131 262.141418 0 274.844 0 680
0.68455501 0.0999999995 -0.0357298415 -0.131683111 289.050659 0 274.844 0 680
0.542912961 0.0999999995 -0.0445967939 -0.159634143 315.629578 0 274.844 0 680
0.401270912 0.0999999995 -0.0471539124 -0.147096679 338.891907 0 274.844 0 680
0.282784816 0.0999999995 -0.0441256669 -0.116579488 363.366669 0 274.844 0 680
0.197247652 0.0999999995 -0.0389818666 -0.0850007534 386.144653 0 274.844 0 680
0.141434004 0.0999999995 -0.0335309596 -0.0599391535 405.624603 0.00114077586 273.15 0.836573124 680
0.107042811 0.0999999995 -0.0288164955 -0.0663741529 419.971039 0.00895367656 273.15 0.423985302 680
0.0863690249 0.0999999995 -0.0249152486 -0.070652768 431.734467 0.08050102 273.15 0.216748178 680
0.0739996653 0.0999999995 -0.0205157782 0.0516504012 452.342468 0.231986016 273.15 0.153199941 680
0.0665724259 0.0999999995 -0.0157819618 0.294440359 489.339264 0.383814275 273.15 0.142086476 680
0.0621173384 0.0999999995 -0.0112988276 0.532536685 537.875 0.489455968 273.15 0.157750949 680
0.0595160257 0.0999999995 -0.00723963567 0.701398313 521.263672 0.559246004 273.15 0.192112386 680
0.0581556607 0.0999999995 -0.0035453241 0.773164213 470.30545 0.597560167 273.15 0.23931399 680
0.0577326996 0.0999999995 0 0.730627537 530.236389 0.601254463 273.15 0.207285583 680
0.0581556607 0.0999999995 0.0035453241 0.588767946 598.853699 0.570667088 273.15 0.155287519 680
0.0595160257 0.0999999995 0.00723963567 0.350227982 552.459778 0.50434345 273.15 0.125167742 680
0.0621173384 0.0999999995 0.0112988276 0.0460810587 489.081726 0.406618088 273.15 0.112581581 680
0.0665724259 0.0999999995 0.0157819618 -0.274226338 472.670288 0.274492234 273.15 0.122460179 680
0.0739996653 0.0999999995 0.0205157782 -0.511909008 463.456635 0.103504732 273.15 0.163427517 680
0.0863690249 0.0999999995 0.0249152486 -0.549880803 453.838043 0.00323909451 273.15 0.287271976 680
0.107042811 0.0999999995 0.0288164955 -0.425488681 447.571899 0 273.15 0.679693401 680
0.141434004 0.0999999995 0.0335309596 -0.327564567 432.705994 0 273.15 0.704118907 680
0.197247652 0.0999999995 0.0389818666 -0.294066966 407.44455 0 274.844 0 680
0.282784816 0.0999999995 0.0441256669 -0.280864149 378.902588 0 274.844 0 680
0.401270912 0.0999999995 0.0471539124 -0.274701178 349.455414 0 274.844 0 680
0.542912961 0.0999999995 0.0445967939 -0.25264582 320.098816 0 274.844 0 680
0.68455501 0.0999999995 0.0357298415 -0.193522051 288.100037 0 274.844 0 680
0.803041106 0.0999999995 0.025468376 -0.117544144 257.643066 0 274.844 0 680
0.88857827 0.0999999995 0.0168041758 -0.0541890822 235.048309 0 274.844 0 680
0.944391918 0.0999999995 0.0103546433 0.000882868888 216.083023 0 274.844 0 680
0.978783111 0.0999999995 0.00612650272 0.0478787348 201.562088 0 274.844 0 680
0.999456897 0.0999999995 0.00358666644 0.0785154924 191.346191 0 274.844 0 680
1.01182626 0.0999999995 0.00206025487 0.0981991142 184.011963 0 274.844 0 680
1.0192535 0.0999999995 0.00112907626 0.111012705 177.697876 0 274.844 0 680
1.02370858 0.0999999995 0.000562627283 0.119726293 171.230331 0 274.844 0 680
1.02370858 0.0999999995 0.000562627283 0.119726293 171.230331 0 274.844 0 680
1.0263099 0.0999999995 0.000229151139 0.125415251 167.835846 0 274.844 0 680
1.02767026 0.0999999995 5.43631542e-05 0.129682988 170.323639 0 274.844 0 680

ZONE T="SLICE_Y_0p75_BINS03_KS_1p0mm_CUTDATA"
1.21069917 0.750000002 0 0.133835226 179.437012 0 274.844 0 680
1.21036018 0.750000002 -4.35698249e-05 0.1334977 195.357468 0 274.844 0 680
1.20926991 0.750000002 -0.000183655182 0.128659219 188.275909 0 274.844 0 680
1.20718506 0.750000002 -0.000450922551 0.123323828 189.149307 0 274.844 0 680
1.20361449 0.750000002 -0.000904908033 0.115493514 195.999405 0 274.844 0 680
1.19766187 0.750000002 -0.00165120927 0.104416817 201.859238 0 274.844 0 680
1.18774834 0.750000002 -0.00287456515 0.0878137499 207.555588 0 274.844 0 680
1.17117915 0.750000002 -0.00491013913 0.0629103035 216.106323 0 274.844 0 680
1.14361603 0.750000002 -0.00829881936 0.026196111 229.432983 0 274.844 0 680
1.09888369 0.750000002 -0.0134678535 -0.0153208626 245.929413 0 274.844 0 680
1.03032918 0.750000002 -0.0204118525 -0.063961938 266.972687 0 274.844 0 680
0.935367467 0.750000002 -0.0286359936 -0.123869263 296.004913 0 274.844 0 680
0.821847209 0.750000002 -0.0357424901 -0.163548619 329.233826 0 274.844 0 680
0.708326952 0.750000002 -0.0377919151 -0.163175687 361.345428 0 274.844 0 680
0.613365235 0.750000002 -0.0353649012 -0.141623154 390.369965 0 274.844 0 680
0.544810728 0.750000002 -0.0312423575 -0.11476779 413.083832 0.000101592261 274.802 0 680
0.500078391 0.750000002 -0.0268736805 -0.0898360536 427.094879 0.00479395594 273.15 0.842816055 680
0.472515269 0.750000002 -0.0230952321 -0.091141209 436.375885 0.0286590718 273.15 0.401507229 680
0.455946083 0.750000002 -0.0199685437 -0.0848560184 449.398773 0.110423572 273.15 0.218967527 680
0.446032552 0.750000002 -0.0164425497 0.0435209908 473.909393 0.262020141 273.15 0.161533028 680
0.440079926 0.750000002 -0.0126485912 0.287369996 516.103821 0.41536355 273.15 0.154098839 680
0.436509357 0.750000002 -0.00905554411 0.524938226 596.625488 0.521953642 273.15 0.183918059 680
0.434424512 0.750000002 -0.00580226926 0.68607229 667.864502 0.589073658 273.15 0.260774732 680
0.433334236 0.750000002 -0.00284143097 0.742475271 678.957153 0.625478745 273.15 0.302161306 680
0.43299525 0.750000002 0 0.663685262 680.247314 0.626314282 273.15 0.212947369 680
0.433334236 0.750000002 0.00284143097 0.475021422 625.618652 0.591854572 273.15 0.146169156 680
0.434424512 0.750000002 0.00580226926 0.196836084 546.065857 0.521237016 273.15 0.115201257 680
0.436509357 0.750000002 0.00905554411 -0.143324539 514.633423 0.419330746 273.15 0.110761769 680
0.440079926 0.750000002 0.0126485912 -0.487457991 503.34314 0.282541633 273.15 0.124094583 680
0.446032552 0.750000002 0.0164425497 -0.713060677 490.985321 0.106812172 273.15 0.167474836 680
0.455946083 0.750000002 0.0199685437 -0.718135774 478.129761 0.00342990411 273.15 0.296539575 680
0.472515269 0.750000002 0.0230952321 -0.553683817 472.174225 0 273.15 0.715661883 680
0.500078391 0.750000002 0.0268736805 -0.421060294 461.83783 0 273.15 0.651431501 680
0.544810728 0.750000002 0.0312423575 -0.36131528 439.534607 0 274.844 0 680
0.613365235 0.750000002 0.0353649012 -0.324479371 407.294189 0 274.844 0 680
0.708326952 0.750000002 0.0377919151 -0.294570357 369.672119 0 274.844 0 680
0.821847209 0.750000002 0.0357424901 -0.249420166 329.407227 0 274.844 0 680
0.935367467 0.750000002 0.0286359936 -0.173671842 289.962494 0 274.844 0 680
1.03032918 0.750000002 0.0204118525 -0.0911988318 256.835083 0 274.844 0 680
1.09888369 0.750000002 0.0134678535 -0.0275375452 231.620117 0 274.844 0 680
1.14361603 0.750000002 0.00829881936 0.0244812611 212.313736 0 274.844 0 680
1.17117915 0.750000002 0.00491013913 0.0652123094 198.783234 0 274.844 0 680
1.18774834 0.750000002 0.00287456515 0.0908503681 190.319122 0 274.844 0 680
1.19766187 0.750000002 0.00165120927 0.107331887 183.951294 0 274.844 0 680
1.20361449 0.750000002 0.000904908033 0.117781766 177.747253 0 274.844 0 680
1.20718506 0.750000002 0.000450922551 0.125024289 170.745789 0 274.844 0 680
1.20718506 0.750000002 0.000450922551 0.125024289 170.745789 0 274.844 0 680
1.20926991 0.750000002 0.000183655182 0.129592568 168.709839 0 274.844 0 680
1.21036018 0.750000002 4.35698249e-05 0.133443728 174.377518 0 274.844 0 680

ZONE T="SLICE_Y_1p40_BINS03_KS_1p0mm_CUTDATA"
1.39330511 1.39999998 0 0.128415003 194.900864 0 274.844 0 680
1.3930501 1.39999998 -3.2776496e-05 0.128351182 200.834488 0 274.844 0 680
1.39222991 1.39999998 -0.000138159228 0.124311574 198.028336 0 274.844 0 680
1.39066153 1.39999998 -0.000339217825 0.119566947 203.713547 0 274.844 0 680
1.38797548 1.39999998 -0.000680739816 0.11164394 211.582031 0 274.844 0 680
1.38349747 1.39999998 -0.00124216368 0.100987233 217.81221 0 274.844 0 680
1.37603977 1.39999998 -0.0021624639 0.0850255936 224.153259 0 274.844 0 680
1.36357518 1.39999998 -0.0036937756 0.0617194436 233.558929 0 274.844 0 680
1.34284013 1.39999998 -0.00624299548 0.0280878898 248.185333 0 274.844 0 680
1.3091891 1.39999998 -0.0101315313 -0.00934144016 266.166199 0 274.844 0 680
1.25761725 1.39999998 -0.0153553291 -0.0511781238 284.558197 0 274.844 0 680
1.18617991 1.39999998 -0.0215421461 -0.104791239 308.464661 0 274.844 0 680
1.10078145 1.39999998 -0.0268881867 -0.148728117 342.834045 0 274.844 0 680
1.01538298 1.39999998 -0.0284299181 -0.16329658 378.746887 0 274.844 0 680
0.94394564 1.39999998 -0.026604136 -0.160224512 409.209351 0 274.844 0 680
0.892373788 1.39999998 -0.0235028488 -0.150571018 440.48053 0.00239727716 273.923 0 680
0.858722764 1.39999998 -0.0202164017 -0.135427177 473.318054 0.0171042979 273.15 0.850124121 680
0.837987712 1.39999998 -0.0173739689 -0.140179276 502.715454 0.0532742031 273.15 0.391369075 680
0.825523125 1.39999998 -0.015021839 -0.135654718 531.694763 0.145355389 273.15 0.225554362 680
0.818065422 1.39999998 -0.0123693213 -0.00607234845 551.552185 0.301690578 273.15 0.166705221 680
0.81358741 1.39999998 -0.00951522067 0.23878108 563.644592 0.451889336 273.15 0.150995806 680
0.81090136 1.39999998 -0.0068122607 0.479975194 621.785278 0.560221672 273.15 0.16907309 680
0.809332983 1.39999998 -0.00436490291 0.648910046 715.415771 0.630226374 273.15 0.234774098 680
0.808512795 1.39999998 -0.00213753788 0.715080023 762.895569 0.667085767 273.15 0.29025194 680
0.808512795 1.39999998 -0.00213753788 0.715080023 762.895569 0.667085767 273.15 0.29025194 680
0.808257784 1.39999998 0 0.646083117 742.597168 0.67034936 273.15 0.215629548 680
0.808512795 1.39999998 0.00213753788 0.469066501 657.063477 0.637820542 273.15 0.144120827 680
0.809332983 1.39999998 0.00436490291 0.201344505 575.84375 0.568199396 273.15 0.113916814 680
0.81090136 1.39999998 0.0068122607 -0.12995407 549.801392 0.46952188 273.15 0.110743769 680
0.81358741 1.39999998 0.00951522067 -0.462421387 554.347534 0.334579378 273.15 0.123264015 680
0.818065422 1.39999998 0.0123693213 -0.6799739 569.35968 0.148709267 273.15 0.166995987 680
0.825523125 1.39999998 0.015021839 -0.689947784 564.438171 0.016979171 273.15 0.295721531 680
0.837987712 1.39999998 0.0173739689 -0.531015098 541.014343 0 273.15 0.72580272 680
0.858722764 1.39999998 0.0202164017 -0.396873653 506.565063 0 273.15 0.635186553 680
0.892373788 1.39999998 0.0235028488 -0.32524702 462.105377 0 274.844 0 680
0.94394564 1.39999998 0.026604136 -0.270008296 417.336456 0 274.844 0 680
1.01538298 1.39999998 0.0284299181 -0.225484699 373.117554 0 274.844 0 680
1.10078145 1.39999998 0.0268881867 -0.17783837 324.705353 0 274.844 0 680
1.18617991 1.39999998 0.0215421461 -0.112462729 281.218384 0 274.844 0 680
1.25761725 1.39999998 0.0153553291 -0.046497751 251.83078 0 274.844 0 680
1.3091891 1.39999998 0.0101315313 0.00127191341 231.661209 0 274.844 0 680
1.34284013 1.39999998 0.00624299548 0.0401014239 216.004639 0 274.844 0 680
1.36357518 1.39999998 0.0036937756 0.0711047798 204.666168 0 274.844 0 680
1.37603977 1.39999998 0.0021624639 0.0915191695 197.207245 0 274.844 0 680
1.38349747 1.39999998 0.00124216368 0.105256185 191.798233 0 274.844 0 680
1.38797548 1.39999998 0.000680739816 0.11429245 186.542343 0 274.844 0 680
1.39066153 1.39999998 0.000339217825 0.121077135 179.810883 0 274.844 0 680
1.39222991 1.39999998 0.000138159228 0.125059694 173.944763 0 274.844 0 680
1.3930501 1.39999998 3.2776496e-05 0.128253758 178.033752 0 274.844 0 680

ZONE T="SLICE_Y_0p10_BINS07_KS_1p0mm_CUTDATA"
1.02809322 0.0999999995 0 0.130759835 178.253677 0 274.844 0 680
1.02767026 0.0999999995 -5.43631542e-05 0.129464284 186.908859 0 274.844 0 680
1.0263099 0.0999999995 -0.000229151139 0.124665588 183.272797 0 274.844 0 680
1.02370858 0.0999999995 -0.000562627283 0.118527949 185.643219 0 274.844 0 680
1.0192535 0.0999999995 -0.00112907626 0.109672166 191.651871 0 274.844 0 680
1.01182626 0.0999999995 -0.00206025487 0.0970604271 197.320023 0 274.844 0 680
0.999456897 0.0999999995 -0.00358666644 0.0786258429 203.953232 0 274.844 0 680
0.978783111 0.0999999995 -0.00612650272 0.0504854023 213.842865 0 274.844 0 680
0.944391918 0.0999999995 -0.0103546433 0.0102703264 227.140167 0 274.844 0 680
0.88857827 0.0999999995 -0.0168041758 -0.0322689451 243.088776 0 274.844 0 680
0.803041106 0.0999999995 -0.025468376 -0.0787498131 262.141418 0 274.844 0 680
0.68455501 0.0999999995 -0.0357298415 -0.131683111 289.050659 0 274.844 0 680
0.542912961 0.0999999995 -0.0445967939 -0.159634143 315.629578 0 274.844 0 680
0.401270912 0.0999999995 -0.0471539124 -0.147096679 338.891907 0 274.844 0 680
0.282784816 0.0999999995 -0.0441256669 -0.116579488 363.366669 0 274.844 0 680
0.197247652 0.0999999995 -0.0389818666 -0.0850007534 386.144653 0 274.844 0 680
0.141434004 0.0999999995 -0.0335309596 -0.0599391535 405.624603 0.00150540634 273.15 0.836490631 680
0.107042811 0.0999999995 -0.0288164955 -0.0663741529 419.971039 0.0129687283 273.15 0.426033139 680
0.0863690249 0.0999999995 -0.0249152486 -0.070652768 431.734467 0.0804566666 273.15 0.219809443 680
0.0739996653 0.0999999995 -0.0205157782 0.0516504012 452.342468 0.226896659 273.15 0.155211255 680
0.0665724259 0.0999999995 -0.0157819618 0.294440359 489.339264 0.379253358 273.15 0.14318876 680
0.0621173384 0.0999999995 -0.0112988276 0.532536685 537.875 0.486682624 273.15 0.158724397 680
0.0595160257 0.0999999995 -0.00723963567 0.701398313 521.263672 0.555865765 273.15 0.193179682 680
0.0581556607 0.0999999995 -0.0035453241 0.773164213 470.30545 0.59417665 273.15 0.240441799 680
0.0577326996 0.0999999995 0 0.730627537 530.236389 0.598075747 273.15 0.208320826 680
0.0581556607 0.0999999995 0.0035453241 0.588767946 598.853699 0.566939771 273.15 0.156201482 680
0.0595160257 0.0999999995 0.00723963567 0.350227982 552.459778 0.501159847 273.15 0.126032278 680
0.0621173384 0.0999999995 0.0112988276 0.0460810587 489.081726 0.402568519 273.15 0.113382235 680
0.0665724259 0.0999999995 0.0157819618 -0.274226338 472.670288 0.268398404 273.15 0.123903006 680
0.0739996653 0.0999999995 0.0205157782 -0.511909008 463.456635 0.100461252 273.15 0.166033357 680
0.0863690249 0.0999999995 0.0249152486 -0.549880803 453.838043 0.0046593491 273.15 0.292550385 680
0.107042811 0.0999999995 0.0288164955 -0.425488681 447.571899 0 273.15 0.698333204 680
0.141434004 0.0999999995 0.0335309596 -0.327564567 432.705994 0 273.15 0.675095975 680
0.197247652 0.0999999995 0.0389818666 -0.294066966 407.44455 0 274.844 0 680
0.282784816 0.0999999995 0.0441256669 -0.280864149 378.902588 0 274.844 0 680
0.401270912 0.0999999995 0.0471539124 -0.274701178 349.455414 0 274.844 0 680
0.542912961 0.0999999995 0.0445967939 -0.25264582 320.098816 0 274.844 0 680
0.68455501 0.0999999995 0.0357298415 -0.193522051 288.100037 0 274.844 0 680
0.803041106 0.0999999995 0.025468376 -0.117544144 257.643066 0 274.844 0 680
0.88857827 0.0999999995 0.0168041758 -0.0541890822 235.048309 0 274.844 0 680
0.944391918 0.0999999995 0.0103546433 0.000882868888 216.083023 0 274.844 0 680
0.978783111 0.0999999995 0.00612650272 0.0478787348 201.562088 0 274.844 0 680
0.999456897 0.0999999995 0.00358666644 0.0785154924 191.346191 0 274.844 0 680
1.01182626 0.0999999995 0.00206025487 0.0981991142 184.011963 0 274.844 0 680
1.0192535 0.0999999995 0.00112907626 0.111012705 177.697876 0 274.844 0 680
1.02370858 0.0999999995 0.000562627283 0.119726293 171.230331 0 274.844 0 680
1.02370858 0.0999999995 0.000562627283 0.119726293 171.230331 0 274.844 0 680
1.0263099 0.0999999995 0.000229151139 0.125415251 167.835846 0 274.844 0 680
1.02767026 0.0999999995 5.43631542e-05 0.129682988 170.323639 0 274.844 0 680

ZONE T="SLICE_Y_0p75_BINS07_KS_1p0mm_CUTDATA"
1.21069917 0.750000002 0 0.133835226 179.437012 0 274.844 0 680
1.21036018 0.750000002 -4.35698249e-05 0.1334977 195.357468 0 274.844 0 680
1.20926991 0.750000002 -0.000183655182 0.128659219 188.275909 0 274.844 0 680
1.20718506 0.750000002 -0.000450922551 0.123323828 189.149307 0 274.844 0 680
1.20361449 0.750000002 -0.000904908033 0.115493514 195.999405 0 274.844 0 680
1.19766187 0.750000002 -0.00165120927 0.104416817 201.859238 0 274.844 0 680
1.18774834 0.750000002 -0.00287456515 0.0878137499 207.555588 0 274.844 0 680
1.17117915 0.750000002 -0.00491013913 0.0629103035 216.106323 0 274.844 0 680
1.14361603 0.750000002 -0.00829881936 0.026196111 229.432983 0 274.844 0 680
1.09888369 0.750000002 -0.0134678535 -0.0153208626 245.929413 0 274.844 0 680
1.03032918 0.750000002 -0.0204118525 -0.063961938 266.972687 0 274.844 0 680
0.935367467 0.750000002 -0.0286359936 -0.123869263 296.004913 0 274.844 0 680
0.821847209 0.750000002 -0.0357424901 -0.163548619 329.233826 0 274.844 0 680
0.708326952 0.750000002 -0.0377919151 -0.163175687 361.345428 0 274.844 0 680
0.613365235 0.750000002 -0.0353649012 -0.141623154 390.369965 0 274.844 0 680
0.544810728 0.750000002 -0.0312423575 -0.11476779 413.083832 0.000351290393 274.7 0 680
0.500078391 0.750000002 -0.0268736805 -0.0898360536 427.094879 0.00656563975 273.15 0.842811882 680
0.472515269 0.750000002 -0.0230952321 -0.091141209 436.375885 0.0289287139 273.15 0.40654394 680
0.455946083 0.750000002 -0.0199685437 -0.0848560184 449.398773 0.109479003 273.15 0.221192464 680
0.446032552 0.750000002 -0.0164425497 0.0435209908 473.909393 0.260465384 273.15 0.16285719 680
0.440079926 0.750000002 -0.0126485912 0.287369996 516.103821 0.411726505 273.15 0.155392289 680
0.436509357 0.750000002 -0.00905554411 0.524938226 596.625488 0.518205345 273.15 0.185112506 680
0.434424512 0.750000002 -0.00580226926 0.68607229 667.864502 0.586017072 273.15 0.2621454 680
0.433334236 0.750000002 -0.00284143097 0.742475271 678.957153 0.621990621 273.15 0.303666651 680
0.43299525 0.750000002 0 0.663685262 680.247314 0.623046219 273.15 0.214149117 680
0.433334236 0.750000002 0.00284143097 0.475021422 625.618652 0.588105083 273.15 0.147095844 680
0.434424512 0.750000002 0.00580226926 0.196836084 546.065857 0.517798007 273.15 0.116033137 680
0.436509357 0.750000002 0.00905554411 -0.143324539 514.633423 0.415102392 273.15 0.111598305 680
0.440079926 0.750000002 0.0126485912 -0.487457991 503.34314 0.276612312 273.15 0.125579774 680
0.446032552 0.750000002 0.0164425497 -0.713060677 490.985321 0.103977978 273.15 0.170107931 680
0.455946083 0.750000002 0.0199685437 -0.718135774 478.129761 0.00493541639 273.15 0.301771879 680
0.472515269 0.750000002 0.0230952321 -0.553683817 472.174225 0 273.15 0.734698355 680
0.500078391 0.750000002 0.0268736805 -0.421060294 461.83783 0 273.15 0.606759369 680
0.544810728 0.750000002 0.0312423575 -0.36131528 439.534607 0 274.844 0 680
0.613365235 0.750000002 0.0353649012 -0.324479371 407.294189 0 274.844 0 680
0.708326952 0.750000002 0.0377919151 -0.294570357 369.672119 0 274.844 0 680
0.821847209 0.750000002 0.0357424901 -0.249420166 329.407227 0 274.844 0 680
0.935367467 0.750000002 0.0286359936 -0.173671842 289.962494 0 274.844 0 680
1.03032918 0.750000002 0.0204118525 -0.0911988318 256.835083 0 274.844 0 680
1.09888369 0.750000002 0.0134678535 -0.0275375452 231.620117 0 274.844 0 680
1.14361603 0.750000002 0.00829881936 0.0244812611 212.313736 0 274.844 0 680
1.17117915 0.750000002 0.00491013913 0.0652123094 198.783234 0 274.844 0 680
1.18774834 0.750000002 0.00287456515 0.0908503681 190.319122 0 274.844 0 680
1.19766187 0.750000002 0.00165120927 0.107331887 183.951294 0 274.844 0 680
1.20361449 0.750000002 0.000904908033 0.117781766 177.747253 0 274.844 0 680
1.20718506 0.750000002 0.000450922551 0.125024289 170.745789 0 274.844 0 680
1.20718506 0.750000002 0.000450922551 0.125024289 170.745789 0 274.844 0 680
1.20926991 0.750000002 0.000183655182 0.129592568 168.709839 0 274.844 0 680
1.21036018 0.750000002 4.35698249e-05 0.133443728 174.377518 0 274.844 0 680

ZONE T="SLICE_Y_1p40_BINS07_KS_1p0mm_CUTDATA"
1.39330511 1.39999998 0 0.128415003 194.900864 0 274.844 0 680
1.3930501 1.39999998 -3.2776496e-05 0.128351182 200.834488 0 274.844 0 680
1.39222991 1.39999998 -0.000138159228 0.124311574 198.028336 0 274.844 0 680
1.39066153 1.39999998 -0.000339217825 0.119566947 203.713547 0 274.844 0 680
1.38797548 1.39999998 -0.000680739816 0.11164394 211.582031 0 274.844 0 680
1.38349747 1.39999998 -0.00124216368 0.100987233 217.81221 0 274.844 0 680
1.37603977 1.39999998 -0.0021624639 0.0850255936 224.153259 0 274.844 0 680
1.36357518 1.39999998 -0.0036937756 0.0617194436 233.558929 0 274.844 0 680
1.34284013 1.39999998 -0.00624299548 0.0280878898 248.185333 0 274.844 0 680
1.3091891 1.39999998 -0.0101315313 -0.00934144016 266.166199 0 274.844 0 680
1.25761725 1.39999998 -0.0153553291 -0.0511781238 284.558197 0 274.844 0 680
1.18617991 1.39999998 -0.0215421461 -0.104791239 308.464661 0 274.844 0 680
1.10078145 1.39999998 -0.0268881867 -0.148728117 342.834045 0 274.844 0 680
1.01538298 1.39999998 -0.0284299181 -0.16329658 378.746887 0 274.844 0 680
0.94394564 1.39999998 -0.026604136 -0.160224512 409.209351 1.3901792e-05 274.838 0 680
0.892373788 1.39999998 -0.0235028488 -0.150571018 440.48053 0.00294124195 273.714 0 680
0.858722764 1.39999998 -0.0202164017 -0.135427177 473.318054 0.0189788174 273.15 0.849907219 680
0.837987712 1.39999998 -0.0173739689 -0.140179276 502.715454 0.0532928035 273.15 0.397421062 680
0.825523125 1.39999998 -0.015021839 -0.135654718 531.694763 0.142614141 273.15 0.228658453 680
0.818065422 1.39999998 -0.0123693213 -0.00607234845 551.552185 0.297579467 273.15 0.168214962 680
0.81358741 1.39999998 -0.00951522067 0.23878108 563.644592 0.44933176 273.15 0.151952535 680
0.81090136 1.39999998 -0.0068122607 0.479975194 621.785278 0.55701369 273.15 0.170141965 680
0.809332983 1.39999998 -0.00436490291 0.648910046 715.415771 0.626759589 273.15 0.236032173 680
0.808512795 1.39999998 -0.00213753788 0.715080023 762.895569 0.664045155 273.15 0.291533709 680
0.808512795 1.39999998 -0.00213753788 0.715080023 762.895569 0.664045155 273.15 0.291533709 680
0.808257784 1.39999998 0 0.646083117 742.597168 0.667033315 273.15 0.216729 680
0.808512795 1.39999998 0.00213753788 0.469066501 657.063477 0.634363115 273.15 0.144970432 680
0.809332983 1.39999998 0.00436490291 0.201344505 575.84375 0.565020621 273.15 0.114610948 680
0.81090136 1.39999998 0.0068122607 -0.12995407 549.801392 0.465587348 273.15 0.111513607 680
0.81358741 1.39999998 0.00951522067 -0.462421387 554.347534 0.330437034 273.15 0.12436635 680
0.818065422 1.39999998 0.0123693213 -0.6799739 569.35968 0.149289325 273.15 0.168450236 680
0.825523125 1.39999998 0.015021839 -0.689947784 564.438171 0.0189924967 273.15 0.29793179 680
0.837987712 1.39999998 0.0173739689 -0.531015098 541.014343 0 273.15 0.73388803 680
0.858722764 1.39999998 0.0202164017 -0.396873653 506.565063 0 273.15 0.615670681 680
0.892373788 1.39999998 0.0235028488 -0.32524702 462.105377 0 274.844 0 680
0.94394564 1.39999998 0.026604136 -0.270008296 417.336456 0 274.844 0 680
1.01538298 1.39999998 0.0284299181 -0.225484699 373.117554 0 274.844 0 680
1.10078145 1.39999998 0.0268881867 -0.17783837 324.705353 0 274.844 0 680
1.18617991 1.39999998 0.0215421461 -0.112462729 281.218384 0 274.844 0 680
1.25761725 1.39999998 0.0153553291 -0.046497751 251.83078 0 274.844 0 680
1.3091891 1.39999998 0.0101315313 0.00127191341 231.661209 0 274.844 0 680
1.34284013 1.39999998 0.00624299548 0.0401014239 216.004639 0 274.844 0 680
1.36357518 1.39999998 0.0036937756 0.0711047798 204.666168 0 274.844 0 680
1.37603977 1.39999998 0.0021624639 0.0915191695 197.207245 0 274.844 0 680
1.38349747 1.39999998 0.00124216368 0.105256185 191.798233 0 274.844 0 680
1.38797548 1.39999998 0.000680739816 0.11429245 186.542343 0 274.844 0 680
1.39066153 1.39999998 0.000339217825 0.121077135 179.810883 0 274.844 0 680
1.39222991 1.39999998 0.000138159228 0.125059694 173.944763 0 274.844 0 680
1.3930501 1.39999998 3.2776496e-05 0.128253758 178.033752 0 274.844 0 680

ZONE T="SLICE_Y_0p10_BINS15_KS_1p0mm_CUTDATA"
1.02809322 0.0999999995 0 0.130759835 178.253677 0 274.844 0 680
1.02767026 0.0999999995 -5.43631542e-05 0.129464284 186.908859 0 274.844 0 680
1.0263099 0.0999999995 -0.000229151139 0.124665588 183.272797 0 274.844 0 680
1.02370858 0.0999999995 -0.000562627283 0.118527949 185.643219 0 274.844 0 680
1.0192535 0.0999999995 -0.00112907626 0.109672166 191.651871 0 274.844 0 680
1.01182626 0.0999999995 -0.00206025487 0.0970604271 197.320023 0 274.844 0 680
0.999456897 0.0999999995 -0.00358666644 0.0786258429 203.953232 0 274.844 0 680
0.978783111 0.0999999995 -0.00612650272 0.0504854023 213.842865 0 274.844 0 680
0.944391918 0.0999999995 -0.0103546433 0.0102703264 227.140167 0 274.844 0 680
0.88857827 0.0999999995 -0.0168041758 -0.0322689451 243.088776 0 274.844 0 680
0.803041106 0.0999999995 -0.025468376 -0.0787498131 262.141418 0 274.844 0 680
0.68455501 0.0999999995 -0.0357298415 -0.131683111 289.050659 0 274.844 0 680
0.542912961 0.0999999995 -0.0445967939 -0.159634143 315.629578 0 274.844 0 680
0.401270912 0.0999999995 -0.0471539124 -0.147096679 338.891907 0 274.844 0 680
0.282784816 0.0999999995 -0.0441256669 -0.116579488 363.366669 0 274.844 0 680
0.197247652 0.0999999995 -0.0389818666 -0.0850007534 386.144653 2.22691851e-05 274.834 0 680
0.141434004 0.0999999995 -0.0335309596 -0.0599391535 405.624603 0.00162825559 273.15 0.836355448 680
0.107042811 0.0999999995 -0.0288164955 -0.0663741529 419.971039 0.0134710399 273.15 0.427141577 680
0.0863690249 0.0999999995 -0.0249152486 -0.070652768 431.734467 0.0803641602 273.15 0.220573217 680
0.0739996653 0.0999999995 -0.0205157782 0.0516504012 452.342468 0.22611621 273.15 0.155648872 680
0.0665724259 0.0999999995 -0.0157819618 0.294440359 489.339264 0.378427535 273.15 0.143507227 680
0.0621173384 0.0999999995 -0.0112988276 0.532536685 537.875 0.485656023 273.15 0.159051076 680
0.0595160257 0.0999999995 -0.00723963567 0.701398313 521.263672 0.554789245 273.15 0.193520635 680
0.0581556607 0.0999999995 -0.0035453241 0.773164213 470.30545 0.593123794 273.15 0.240798309 680
0.0577326996 0.0999999995 0 0.730627537 530.236389 0.597017765 273.15 0.208657414 680
0.0581556607 0.0999999995 0.0035453241 0.588767946 598.853699 0.565818012 273.15 0.156500906 680
0.0595160257 0.0999999995 0.00723963567 0.350227982 552.459778 0.500001431 273.15 0.126304328 680
0.0621173384 0.0999999995 0.0112988276 0.0460810587 489.081726 0.401720166 273.15 0.113651447 680
0.0665724259 0.0999999995 0.0157819618 -0.274226338 472.670288 0.267664045 273.15 0.124227896 680
0.0739996653 0.0999999995 0.0205157782 -0.511909008 463.456635 0.100333519 273.15 0.166564852 680
0.0863690249 0.0999999995 0.0249152486 -0.549880803 453.838043 0.00481238961 273.15 0.29359445 680
0.107042811 0.0999999995 0.0288164955 -0.425488681 447.571899 0 273.15 0.702103674 680
0.141434004 0.0999999995 0.0335309596 -0.327564567 432.705994 0 273.15 0.668412387 680
0.197247652 0.0999999995 0.0389818666 -0.294066966 407.44455 0 274.844 0 680
0.282784816 0.0999999995 0.0441256669 -0.280864149 378.902588 0 274.844 0 680
0.401270912 0.0999999995 0.0471539124 -0.274701178 349.455414 0 274.844 0 680
0.542912961 0.0999999995 0.0445967939 -0.25264582 320.098816 0 274.844 0 680
0.68455501 0.0999999995 0.0357298415 -0.193522051 288.100037 0 274.844 0 680
0.803041106 0.0999999995 0.025468376 -0.117544144 257.643066 0 274.844 0 680
0.88857827 0.0999999995 0.0168041758 -0.0541890822 235.048309 0 274.844 0 680
0.944391918 0.0999999995 0.0103546433 0.000882868888 216.083023 0 274.844 0 680
0.978783111 0.0999999995 0.00612650272 0.0478787348 201.562088 0 274.844 0 680
0.999456897 0.0999999995 0.00358666644 0.0785154924 191.346191 0 274.844 0 680
1.01182626 0.0999999995 0.00206025487 0.0981991142 184.011963 0 274.844 0 680
1.0192535 0.0999999995 0.00112907626 0.111012705 177.697876 0 274.844 0 680
1.02370858 0.0999999995 0.000562627283 0.119726293 171.230331 0 274.844 0 680
1.02370858 0.0999999995 0.000562627283 0.119726293 171.230331 0 274.844 0 680
1.0263099 0.0999999995 0.000229151139 0.125415251 167.835846 0 274.844 0 680
1.02767026 0.0999999995 5.43631542e-05 0.129682988 170.323639 0 274.844 0 680

ZONE T="SLICE_Y_0p75_BINS15_KS_1p0mm_CUTDATA"
1.21069917 0.750000002 0 0.133835226 179.437012 0 274.844 0 680
1.21036018 0.750000002 -4.35698249e-05 0.1334977 195.357468 0 274.844 0 680
1.20926991 0.750000002 -0.000183655182 0.128659219 188.275909 0 274.844 0 680
1.20718506 0.750000002 -0.000450922551 0.123323828 189.149307 0 274.844 0 680
1.20361449 0.750000002 -0.000904908033 0.115493514 195.999405 0 274.844 0 680
1.19766187 0.750000002 -0.00165120927 0.104416817 201.859238 0 274.844 0 680
1.18774834 0.750000002 -0.00287456515 0.0878137499 207.555588 0 274.844 0 680
1.17117915 0.750000002 -0.00491013913 0.0629103035 216.106323 0 274.844 0 680
1.14361603 0.750000002 -0.00829881936 0.026196111 229.432983 0 274.844 0 680
1.09888369 0.750000002 -0.0134678535 -0.0153208626 245.929413 0 274.844 0 680
1.03032918 0.750000002 -0.0204118525 -0.063961938 266.972687 0 274.844 0 680
0.935367467 0.750000002 -0.0286359936 -0.123869263 296.004913 0 274.844 0 680
0.821847209 0.750000002 -0.0357424901 -0.163548619 329.233826 0 274.844 0 680
0.708326952 0.750000002 -0.0377919151 -0.163175687 361.345428 0 274.844 0 680
0.613365235 0.750000002 -0.0353649012 -0.141623154 390.369965 0 274.844 0 680
0.544810728 0.750000002 -0.0312423575 -0.11476779 413.083832 0.000434560963 274.666 0 680
0.500078391 0.750000002 -0.0268736805 -0.0898360536 427.094879 0.00686926441 273.15 0.842724442 680
0.472515269 0.750000002 -0.0230952321 -0.091141209 436.375885 0.0293916818 273.15 0.407974899 680
0.455946083 0.750000002 -0.0199685437 -0.0848560184 449.398773 0.109119877 273.15 0.222052202 680
0.446032552 0.750000002 -0.0164425497 0.0435209908 473.909393 0.259520411 273.15 0.163377166 680
0.440079926 0.750000002 -0.0126485912 0.287369996 516.103821 0.41057846 273.15 0.155804053 680
0.436509357 0.750000002 -0.00905554411 0.524938226 596.625488 0.517098606 273.15 0.185502827 680
0.434424512 0.750000002 -0.00580226926 0.68607229 667.864502 0.584941149 273.15 0.262621254 680
0.433334236 0.750000002 -0.00284143097 0.742475271 678.957153 0.620880723 273.15 0.304155052 680
0.43299525 0.750000002 0 0.663685262 680.247314 0.621959686 273.15 0.21454443 680
0.433334236 0.750000002 0.00284143097 0.475021422 625.618652 0.586880147 273.15 0.147410721 680
0.434424512 0.750000002 0.00580226926 0.196836084 546.065857 0.516637385 273.15 0.116304666 680
0.436509357 0.750000002 0.00905554411 -0.143324539 514.633423 0.414177686 273.15 0.111859702 680
0.440079926 0.750000002 0.0126485912 -0.487457991 503.34314 0.275593996 273.15 0.125935882 680
0.446032552 0.750000002 0.0164425497 -0.713060677 490.985321 0.103579991 273.15 0.170773745 680
0.455946083 0.750000002 0.0199685437 -0.718135774 478.129761 0.00508388318 273.15 0.303101003 680
0.472515269 0.750000002 0.0230952321 -0.553683817 472.174225 0 273.15 0.739683151 680
0.500078391 0.750000002 0.0268736805 -0.421060294 461.83783 0 273.15 0.592714131 680
0.544810728 0.750000002 0.0312423575 -0.36131528 439.534607 0 274.844 0 680
0.613365235 0.750000002 0.0353649012 -0.324479371 407.294189 0 274.844 0 680
0.708326952 0.750000002 0.0377919151 -0.294570357 369.672119 0 274.844 0 680
0.821847209 0.750000002 0.0357424901 -0.249420166 329.407227 0 274.844 0 680
0.935367467 0.750000002 0.0286359936 -0.173671842 289.962494 0 274.844 0 680
1.03032918 0.750000002 0.0204118525 -0.0911988318 256.835083 0 274.844 0 680
1.09888369 0.750000002 0.0134678535 -0.0275375452 231.620117 0 274.844 0 680
1.14361603 0.750000002 0.00829881936 0.0244812611 212.313736 0 274.844 0 680
1.17117915 0.750000002 0.00491013913 0.0652123094 198.783234 0 274.844 0 680
1.18774834 0.750000002 0.00287456515 0.0908503681 190.319122 0 274.844 0 680
1.19766187 0.750000002 0.00165120927 0.107331887 183.951294 0 274.844 0 680
1.20361449 0.750000002 0.000904908033 0.117781766 177.747253 0 274.844 0 680
1.20718506 0.750000002 0.000450922551 0.125024289 170.745789 0 274.844 0 680
1.20718506 0.750000002 0.000450922551 0.125024289 170.745789 0 274.844 0 680
1.20926991 0.750000002 0.000183655182 0.129592568 168.709839 0 274.844 0 680
1.21036018 0.750000002 4.35698249e-05 0.133443728 174.377518 0 274.844 0 680

ZONE T="SLICE_Y_1p40_BINS15_KS_1p0mm_CUTDATA"
1.39330511 1.39999998 0 0.128415003 194.900864 0 274.844 0 680
1.3930501 1.39999998 -3.2776496e-05 0.128351182 200.834488 0 274.844 0 680
1.39222991 1.39999998 -0.000138159228 0.124311574 198.028336 0 274.844 0 680
1.39066153 1.39999998 -0.000339217825 0.119566947 203.713547 0 274.844 0 680
1.38797548 1.39999998 -0.000680739816 0.11164394 211.582031 0 274.844 0 680
1.38349747 1.39999998 -0.00124216368 0.100987233 217.81221 0 274.844 0 680
1.37603977 1.39999998 -0.0021624639 0.0850255936 224.153259 0 274.844 0 680
1.36357518 1.39999998 -0.0036937756 0.0617194436 233.558929 0 274.844 0 680
1.34284013 1.39999998 -0.00624299548 0.0280878898 248.185333 0 274.844 0 680
1.3091891 1.39999998 -0.0101315313 -0.00934144016 266.166199 0 274.844 0 680
1.25761725 1.39999998 -0.0153553291 -0.0511781238 284.558197 0 274.844 0 680
1.18617991 1.39999998 -0.0215421461 -0.104791239 308.464661 0 274.844 0 680
1.10078145 1.39999998 -0.0268881867 -0.148728117 342.834045 0 274.844 0 680
1.01538298 1.39999998 -0.0284299181 -0.16329658 378.746887 0 274.844 0 680
0.94394564 1.39999998 -0.026604136 -0.160224512 409.209351 2.91653632e-05 274.832 0 680
0.892373788 1.39999998 -0.0235028488 -0.150571018 440.48053 0.00314388657 273.636 0 680
0.858722764 1.39999998 -0.0202164017 -0.135427177 473.318054 0.0192471147 273.15 0.849743843 680
0.837987712 1.39999998 -0.0173739689 -0.140179276 502.715454 0.0532092378 273.15 0.399357736 680
0.825523125 1.39999998 -0.015021839 -0.135654718 531.694763 0.142104596 273.15 0.229534 680
0.818065422 1.39999998 -0.0123693213 -0.00607234845 551.552185 0.296456844 273.15 0.168741107 680
0.81358741 1.39999998 -0.00951522067 0.23878108 563.644592 0.448178917 273.15 0.152306437 680
0.81090136 1.39999998 -0.0068122607 0.479975194 621.785278 0.555979311 273.15 0.170482665 680
0.809332983 1.39999998 -0.00436490291 0.648910046 715.415771 0.625682116 273.15 0.236447617 680
0.808512795 1.39999998 -0.00213753788 0.715080023 762.895569 0.662986398 273.15 0.291981876 680
0.808512795 1.39999998 -0.00213753788 0.715080023 762.895569 0.662986398 273.15 0.291981876 680
0.808257784 1.39999998 0 0.646083117 742.597168 0.665943921 273.15 0.217104569 680
0.808512795 1.39999998 0.00213753788 0.469066501 657.063477 0.633221269 273.15 0.145257056 680
0.809332983 1.39999998 0.00436490291 0.201344505 575.84375 0.56387943 273.15 0.114847243 680
0.81090136 1.39999998 0.0068122607 -0.12995407 549.801392 0.464317679 273.15 0.111783452 680
0.81358741 1.39999998 0.00951522067 -0.462421387 554.347534 0.328840554 273.15 0.124756098 680
0.818065422 1.39999998 0.0123693213 -0.6799739 569.35968 0.148822501 273.15 0.169121906 680
0.825523125 1.39999998 0.015021839 -0.689947784 564.438171 0.0192840286 273.15 0.299227089 680
0.837987712 1.39999998 0.0173739689 -0.531015098 541.014343 0 273.15 0.738801062 680
0.858722764 1.39999998 0.0202164017 -0.396873653 506.565063 0 273.15 0.60245043 680
0.892373788 1.39999998 0.0235028488 -0.32524702 462.105377 0 274.844 0 680
0.94394564 1.39999998 0.026604136 -0.270008296 417.336456 0 274.844 0 680
1.01538298 1.39999998 0.0284299181 -0.225484699 373.117554 0 274.844 0 680
1.10078145 1.39999998 0.0268881867 -0.17783837 324.705353 0 274.844 0 680
1.18617991 1.39999998 0.0215421461 -0.112462729 281.218384 0 274.844 0 680
1.25761725 1.39999998 0.0153553291 -0.046497751 251.83078 0 274.844 0 680
1.3091891 1.39999998 0.0101315313 0.00127191341 231.661209 0 274.844 0 680
1.34284013 1.39999998 0.00624299548 0.0401014239 216.004639 0 274.844 0 680
1.36357518 1.39999998 0.0036937756 0.0711047798 204.666168 0 274.844 0 680
1.37603977 1.39999998 0.0021624639 0.0915191695 197.207245 0 274.844 0 680
1.38349747 1.39999998 0.00124216368 0.105256185 191.798233 0 274.844 0 680
1.38797548 1.39999998 0.000680739816 0.11429245 186.542343 0 274.844 0 680
1.39066153 1.39999998 0.000339217825 0.121077135 179.810883 0 274.844 0 680
1.39222991 1.39999998 0.000138159228 0.125059694 173.944763 0 274.844 0 680
1.3930501 1.39999998 3.2776496e-05 0.128253758 178.033752 0 274.844 0 680

ZONE T="SLICE_Y_0p10_BINS07_KS_1p5mm_CUTDATA"
1.02809322 0.0999999995 0 0.12059965 200.564697 0 274.844 0 680
1.02767026 0.0999999995 -5.43631542e-05 0.119436406 206.586029 0 274.844 0 680
1.0263099 0.0999999995 -0.000229151139 0.115139797 200.26651 0 274.844 0 680
1.02370858 0.0999999995 -0.000562627283 0.109687656 202.096863 0 274.844 0 680
1.0192535 0.0999999995 -0.00112907626 0.101635121 208.192505 0 274.844 0 680
1.01182626 0.0999999995 -0.00206025487 0.0900119916 214.16333 0 274.844 0 680
0.999456897 0.0999999995 -0.00358666644 0.0727143511 221.008804 0 274.844 0 680
0.978783111 0.0999999995 -0.00612650272 0.0461384691 231.595413 0 274.844 0 680
0.944391918 0.0999999995 -0.0103546433 0.00762764132 246.237137 0 274.844 0 680
0.88857827 0.0999999995 -0.0168041758 -0.0338766351 263.665863 0 274.844 0 680
0.803041106 0.0999999995 -0.025468376 -0.0796711743 285.257935 0 274.844 0 680
0.68455501 0.0999999995 -0.0357298415 -0.131825402 314.695404 0 274.844 0 680
0.542912961 0.0999999995 -0.0445967939 -0.159413308 342.167694 0 274.844 0 680
0.401270912 0.0999999995 -0.0471539124 -0.146834344 365.735199 0 274.844 0 680
0.282784816 0.0999999995 -0.0441256669 -0.116204739 390.871216 0 274.844 0 680
0.197247652 0.0999999995 -0.0389818666 -0.084550947 413.886017 0 274.844 0 680
0.141434004 0.0999999995 -0.0335309596 -0.0593082868 433.013763 0.00147017662 273.15 0.820487678 680
0.107042811 0.0999999995 -0.0288164955 -0.0654062033 447.212677 0.0127735315 273.15 0.489819705 680
0.0863690249 0.0999999995 -0.0249152486 -0.0689836368 459.310028 0.0800431445 273.15 0.243298501 680
0.0739996653 0.0999999995 -0.0205157782 0.0536241122 480.288208 0.226346806 273.15 0.168666631 680
0.0665724259 0.0999999995 -0.0157819618 0.295598835 519.110718 0.378713727 273.15 0.154258952 680
0.0621173384 0.0999999995 -0.0112988276 0.533056855 573.261597 0.486131638 273.15 0.170956299 680
0.0595160257 0.0999999995 -0.00723963567 0.701377928 575.354248 0.555290222 273.15 0.211928263 680
0.0581556607 0.0999999995 -0.0035453241 0.773160934 540.769348 0.593592584 273.15 0.267408162 680
0.0577326996 0.0999999995 0 0.730727673 598.786255 0.597508609 273.15 0.230955407 680
0.0581556607 0.0999999995 0.0035453241 0.589362085 654.386902 0.566425502 273.15 0.171505854 680
0.0595160257 0.0999999995 0.00723963567 0.351638377 589.449036 0.500710487 273.15 0.136524439 680
0.0621173384 0.0999999995 0.0112988276 0.0485553928 515.0578 0.402164727 273.15 0.12181963 680
0.0665724259 0.0999999995 0.0157819618 -0.270520866 494.223633 0.26804477 273.15 0.132866293 680
0.0739996653 0.0999999995 0.0205157782 -0.507432222 485.739075 0.100272596 273.15 0.180239648 680
0.0863690249 0.0999999995 0.0249152486 -0.546274245 479.162201 0.00464780303 273.15 0.327231824 680
0.107042811 0.0999999995 0.0288164955 -0.423419476 474.940216 0 273.15 0.829778612 680
0.141434004 0.0999999995 0.0335309596 -0.32630235 461.249054 0 273.873 0 680
0.197247652 0.0999999995 0.0389818666 -0.29308483 436.408661 0 274.844 0 680
0.282784816 0.0999999995 0.0441256669 -0.279976875 407.539001 0 274.844 0 680
0.401270912 0.0999999995 0.0471539124 -0.273878962 377.300995 0 274.844 0 680
0.542912961 0.0999999995 0.0445967939 -0.251847178 347.255463 0 274.844 0 680
0.68455501 0.0999999995 0.0357298415 -0.193062752 313.805939 0 274.844 0 680
0.803041106 0.0999999995 0.025468376 -0.117876939 280.23584 0 274.844 0 680
0.88857827 0.0999999995 0.0168041758 -0.0553102493 254.657333 0 274.844 0 680
0.944391918 0.0999999995 0.0103546433 -0.00149381743 233.789001 0 274.844 0 680
0.978783111 0.0999999995 0.00612650272 0.0434326604 217.732819 0 274.844 0 680
0.999456897 0.0999999995 0.00358666644 0.0723786503 207.046616 0 274.844 0 680
1.01182626 0.0999999995 0.00206025487 0.0908313617 199.456116 0 274.844 0 680
1.0192535 0.0999999995 0.00112907626 0.102644309 193.016769 0 274.844 0 680
1.02370858 0.0999999995 0.000562627283 0.110583879 186.554886 0 274.844 0 680
1.02370858 0.0999999995 0.000562627283 0.110583879 186.554886 0 274.844 0 680
1.0263099 0.0999999995 0.000229151139 0.115665339 183.802246 0 274.844 0 680
1.02767026 0.0999999995 5.43631542e-05 0.119446613 188.239014 0 274.844 0 680

ZONE T="SLICE_Y_0p75_BINS07_KS_1p5mm_CUTDATA"
1.21069917 0.750000002 0 0.12374986 201.067734 0 274.844 0 680
1.21036018 0.750000002 -4.35698249e-05 0.123455152 215.932175 0 274.844 0 680
1.20926991 0.750000002 -0.000183655182 0.119111829 206.208649 0 274.844 0 680
1.20718506 0.750000002 -0.000450922551 0.114394225 206.292435 0 274.844 0 680
1.20361449 0.750000002 -0.000904908033 0.107307635 213.286728 0 274.844 0 680
1.19766187 0.750000002 -0.00165120927 0.0971066505 219.288834 0 274.844 0 680
1.18774834 0.750000002 -0.00287456515 0.0815977976 225.908218 0 274.844 0 680
1.17117915 0.750000002 -0.00491013913 0.0581651554 234.983887 0 274.844 0 680
1.14361603 0.750000002 -0.00829881936 0.0231710859 250.048813 0 274.844 0 680
1.09888369 0.750000002 -0.0134678535 -0.0171616655 267.512054 0 274.844 0 680
1.03032918 0.750000002 -0.0204118525 -0.065000169 289.985413 0 274.844 0 680
0.935367467 0.750000002 -0.0286359936 -0.124263987 321.931152 0 274.844 0 680
0.821847209 0.750000002 -0.0357424901 -0.163610503 357.602509 0 274.844 0 680
0.708326952 0.750000002 -0.0377919151 -0.163121566 390.999176 0 274.844 0 680
0.613365235 0.750000002 -0.0353649012 -0.141464129 420.536865 0 274.844 0 680
0.544810728 0.750000002 -0.0312423575 -0.114419162 442.527649 0.000330035517 274.718 0 680
0.500078391 0.750000002 -0.0268736805 -0.089264445 454.830811 0.00643041544 273.15 0.831704199 680
0.472515269 0.750000002 -0.0230952321 -0.0903760716 463.278473 0.0285764188 273.15 0.461058348 680
0.455946083 0.750000002 -0.0199685437 -0.0835529342 476.155151 0.108969398 273.15 0.242792383 680
0.446032552 0.750000002 -0.0164425497 0.0450581722 501.98877 0.259865671 273.15 0.176168546 680
0.440079926 0.750000002 -0.0126485912 0.288120061 548.946777 0.411156714 273.15 0.167378351 680
0.436509357 0.750000002 -0.00905554411 0.525066197 636.408264 0.517625272 273.15 0.19878751 680
0.434424512 0.750000002 -0.00580226926 0.685826957 719.690735 0.585425615 273.15 0.280993253 680
0.433334236 0.750000002 -0.00284143097 0.742446303 740.564087 0.621412575 273.15 0.32628122 680
0.43299525 0.750000002 0 0.66395402 735.563782 0.622509718 273.15 0.231378257 680
0.433334236 0.750000002 0.00284143097 0.476161242 669.419495 0.587632954 273.15 0.158814415 680
0.434424512 0.750000002 0.00580226926 0.199122161 579.561096 0.51739949 273.15 0.124817751 680
0.436509357 0.750000002 0.00905554411 -0.139966026 539.144592 0.414785355 273.15 0.119073145 680
0.440079926 0.750000002 0.0126485912 -0.48245123 524.347412 0.276356578 273.15 0.133853272 680
0.446032552 0.750000002 0.0164425497 -0.707459092 513.612915 0.1038545 273.15 0.183713779 680
0.455946083 0.750000002 0.0199685437 -0.71360147 503.870941 0.00493705086 273.15 0.335472494 680
0.472515269 0.750000002 0.0230952321 -0.550851583 500.009979 0 273.15 0.853580892 680
0.500078391 0.750000002 0.0268736805 -0.419420689 491.524048 0 274.844 0 680
0.544810728 0.750000002 0.0312423575 -0.360158533 470.800385 0 274.844 0 680
0.613365235 0.750000002 0.0353649012 -0.323512673 438.91983 0 274.844 0 680
0.708326952 0.750000002 0.0377919151 -0.293725669 400.624451 0 274.844 0 680
0.821847209 0.750000002 0.0357424901 -0.248718619 358.311218 0 274.844 0 680
0.935367467 0.750000002 0.0286359936 -0.173332304 315.358307 0 274.844 0 680
1.03032918 0.750000002 0.0204118525 -0.0915897936 278.542542 0 274.844 0 680
1.09888369 0.750000002 0.0134678535 -0.0288841184 251.202637 0 274.844 0 680
1.14361603 0.750000002 0.00829881936 0.0215691179 230.429199 0 274.844 0 680
1.17117915 0.750000002 0.00491013913 0.0601366684 215.100555 0 274.844 0 680
1.18774834 0.750000002 0.00287456515 0.0842616037 206.264816 0 274.844 0 680
1.19766187 0.750000002 0.00165120927 0.0995979682 199.234802 0 274.844 0 680
1.20361449 0.750000002 0.000904908033 0.109212726 193.053802 0 274.844 0 680
1.20718506 0.750000002 0.000450922551 0.115758248 185.990875 0 274.844 0 680
1.20718506 0.750000002 0.000450922551 0.115758248 185.990875 0 274.844 0 680
1.20926991 0.750000002 0.000183655182 0.11981149 184.76799 0 274.844 0 680
1.21036018 0.750000002 4.35698249e-05 0.123242222 192.56456 0 274.844 0 680

ZONE T="SLICE_Y_1p40_BINS07_KS_1p5mm_CUTDATA"
1.39330511 1.39999998 0 0.119133718 218.61647 0 274.844 0 680
1.3930501 1.39999998 -3.2776496e-05 0.118923746 221.92041 0 274.844 0 680
1.39222991 1.39999998 -0.000138159228 0.115267672 216.97525 0 274.844 0 680
1.39066153 1.39999998 -0.000339217825 0.111070842 222.674606 0 274.844 0 680
1.38797548 1.39999998 -0.000680739816 0.103915371 230.8759 0 274.844 0 680
1.38349747 1.39999998 -0.00124216368 0.0941324383 237.291489 0 274.844 0 680
1.37603977 1.39999998 -0.0021624639 0.0792854577 244.467438 0 274.844 0 680
1.36357518 1.39999998 -0.0036937756 0.0574243702 254.768646 0 274.844 0 680
1.34284013 1.39999998 -0.00624299548 0.0254898872 272.023895 0 274.844 0 680
1.3091891 1.39999998 -0.0101315313 -0.0107491976 291.437073 0 274.844 0 680
1.25761725 1.39999998 -0.0153553291 -0.0519084707 309.868256 0 274.844 0 680
1.18617991 1.39999998 -0.0215421461 -0.105057716 334.624207 0 274.844 0 680
1.10078145 1.39999998 -0.0268881867 -0.148740605 370.633331 0 274.844 0 680
1.01538298 1.39999998 -0.0284299181 -0.163266689 407.986511 0 274.844 0 680
0.94394564 1.39999998 -0.026604136 -0.160235107 439.27594 9.34774744e-06 274.84 0 680
0.892373788 1.39999998 -0.0235028488 -0.150536865 471.133972 0.00284284796 273.823 0 680
0.858722764 1.39999998 -0.0202164017 -0.135231242 504.144653 0.0186909065 273.15 0.842327178 680
0.837987712 1.39999998 -0.0173739689 -0.139673978 533.198059 0.05281334 273.15 0.44608587 680
0.825523125 1.39999998 -0.015021839 -0.13442862 562.458313 0.14203012 273.15 0.249246836 680
0.818065422 1.39999998 -0.0123693213 -0.00448681181 582.272705 0.296993494 273.15 0.180650666 680
0.81358741 1.39999998 -0.00951522067 0.239507377 595.218811 0.448771507 273.15 0.162256479 680
0.81090136 1.39999998 -0.0068122607 0.479976177 660.841492 0.556450486 273.15 0.181720898 680
0.809332983 1.39999998 -0.00436490291 0.648506939 763.212463 0.626193941 273.15 0.250894755 680
0.808512795 1.39999998 -0.00213753788 0.714830816 813.773682 0.663494885 273.15 0.308588386 680
0.808512795 1.39999998 -0.00213753788 0.714830816 813.773682 0.663494885 273.15 0.308588386 680
0.808257784 1.39999998 0 0.646244764 792.354248 0.666521847 273.15 0.231483296 680
0.808512795 1.39999998 0.00213753788 0.470009685 701.304077 0.633915305 273.15 0.155745521 680
0.809332983 1.39999998 0.00436490291 0.203433707 609.575073 0.564630926 273.15 0.122636139 680
0.81090136 1.39999998 0.0068122607 -0.126642346 571.976379 0.465272486 273.15 0.117883407 680
0.81358741 1.39999998 0.00951522067 -0.457066447 575.252563 0.330199987 273.15 0.13150087 680
0.818065422 1.39999998 0.0123693213 -0.6740399 596.694519 0.149160609 273.15 0.181183785 680
0.825523125 1.39999998 0.015021839 -0.685540855 594.963501 0.0189823862 273.15 0.329288423 680
0.837987712 1.39999998 0.0173739689 -0.528532088 572.389404 0 273.15 0.853805125 680
0.858722764 1.39999998 0.0202164017 -0.395661354 539.469482 0 274.844 0 680
0.892373788 1.39999998 0.0235028488 -0.324526757 495.357117 0 274.844 0 680
0.94394564 1.39999998 0.026604136 -0.269439548 449.55484 0 274.844 0 680
1.01538298 1.39999998 0.0284299181 -0.225000754 403.900452 0 274.844 0 680
1.10078145 1.39999998 0.0268881867 -0.177456349 353.038727 0 274.844 0 680
1.18617991 1.39999998 0.0215421461 -0.112423249 306.443451 0 274.844 0 680
1.25761725 1.39999998 0.0153553291 -0.0471667387 274.920349 0 274.844 0 680
1.3091891 1.39999998 0.0101315313 -0.000338314101 253.264496 0 274.844 0 680
1.34284013 1.39999998 0.00624299548 0.0370956659 235.287384 0 274.844 0 680
1.36357518 1.39999998 0.0036937756 0.0663527027 222.040085 0 274.844 0 680
1.37603977 1.39999998 0.0021624639 0.0854200944 214.126633 0 274.844 0 680
1.38349747 1.39999998 0.00124216368 0.0981266946 208.484879 0 274.844 0 680
1.38797548 1.39999998 0.000680739816 0.106368288 203.12468 0 274.844 0 680
1.39066153 1.39999998 0.000339217825 0.11245703 196.279327 0 274.844 0 680
1.39222991 1.39999998 0.000138159228 0.11601495 190.547729 0 274.844 0 680
1.3930501 1.39999998 3.2776496e-05 0.11882098 196.104889 0 274.844 0 680

